6122
6058
6134
5690
5106
6261
5311
6030
6480
5987
6122
4998
4580
6479
4781
5097
5110
5805
4931
5022
5828
4722
5717
5090
4641
5958
5071
5520
5202
5494
6377
5907
5167
6446
6374
6127
4828
5203
6148
5510
4650
5286
6072
5375
5750
5660
4541
6010
6164
5010
4850
5671
5281
6230
5734
5213
5323
5961
6088
4942
4966
5159
5831
6016
5253
6336
5787
6079
4602
4713
6023
6374
5364
6387
4900
6101
6347
4773
6002
6373
5330
6028
6229
6128
5152
6248
4642
5813
4804
6139
5261
5311
4652
5026
5481
5709
6409
5341
6275
4853
4890
6018
5651
5818
4874
4597
5896
5205
6224
6476
5159
6216
5707
6055
4936
4806
5631
6116
4550
5543
5975
6328
6361
6352
6432
4849
6089
4583
4774
5312
6041
5901
4678
4972
5381
5469
5001
4697
6354
5497
6065
5071
6169
5853
5787
6190
5192
4644
5912
5687
5581
4958
4720
6413
5640
4556
5037
6018
5331
6138
6217
6390
5129
5091
6380
6082
5497
4892
5340
5850
4957
6127
4906
5528
5908
6033
6159
5470
5375
5350
4889
5691
5812
5960
6300
4822
6054
5663
5569
6464
4917
6338
5724
5514
5343
5060
5782
5120
6330
6035
5440
5573
5493
5155
6423
5077
4547
5520
4834
5634
6011
6104
6316
5085
5879
5983
6215
5870
4783
5589
5862
4918
5865
4827
4750
4633
4711
4859
6289
6497
5909
4702
6416
4838
5430
4511
6404
4961
5731
5829
6336
5143
6311
6407
5486
5882
4673
5472
6059
5330
4575
5419
5257
5266
5772
4960
5513
4543
5374
6261
5145
6051
6246
4984
4776
5400
6461
6209
5933
6456
6287
6462
6230
5800
5487
5614
4971
5900
5119
6215
5623
5549
4978
5212
5686
6351
6457
6495
4553
5959
6382
4540
5834
5297
5144
5759
5093
4967
5668
6228
4701
4837
5780
6229
6239
6697
6399
4633
4687
5360
6445
5792
4564
5852
5637
4564
4569
5881
5485
5090
6058
6109
6093
5214
5648
5559
6424
6269
6179
4960
5553
6245
6498
6182
5710
5431
5864
5232
6068
4773
4566
6099
4662
6183
6336
5434
4643
6463
4862
5675
5956
5061
5977
5486
5470
5367
6359
5809
6370
6127
4700
6447
5143
6446
6358
5894
6441
6479
5644
5551
5480
4509
5900
4511
5415
4711
5742
5892
5544
5842
6433
5475
6041
5654
5905
7358
6165
5169
5243
5323
5297
5104
6174
5855
6202
4541
4951
6289
4720
5963
5160
4794
5321
4941
5404
5586
5036
4573
5795
5301
6000
5888
4830
5980
5977
5967
5871
5568
6326
6346
5448
4513
6050
5694
4821
5212
4526
5389
6031
6795
6208
5621
6199
4990
5570
5873
5844
5254
4688
5221
5634
6170
5559
6350
4673
4802
5151
4589
6430
5081
5182
6237
5993
4815
5505
5699
4908
6107
4687
5291
5259
6392
6260
5002
5973
5094
5391
4934
5022
5833
5408
5866
5968
5998
5322
4894
5141
6465
6409
5052
5771
6644
4887
5046
4540
6049
5705
5708
4719
4880
5866
4898
5255
5356
5241
5382
4895
4815
4764
5319
5096
5781
5064
4602
5576
5006
5075
4814
4792
5445
4689
5880
5425
5734
4559
5394
5435
6355
6119
5893
4843
4702
4537
4670
4719
5259
5147
5956
6176
4693
5941
5872
5548
6312
5507
5935
4518
4822
6080
5434
5172
6314
4883
6461
4876
6306
4737
5756
5459
4785
6767
5929
6491
6202
5082
5067
5327
6385
6181
5170
5989
5427
5703
6494
6135
6205
5054
6182
6167
6449
5452
4620
5543
5036
6788
5270
5241
5900
5993
6096
4976
6007
6356
5766
6491
5311
5064
5878
5043
4810
4516
6442
5617
5589
4844
4588
4790
6415
5157
5498
4998
5915
5715
5890
5323
4551
4808
4752
5251
6146
6307
5498
5726
6002
5515
5638
6312
4842
6023
4986
4966
5378
6356
4793
5944
6344
4946
4726
5955
5820
5699
4841
5392
6481
6305
6263
5885
6327
4515
5719
6439
4894
6124
6343
4841
6348
4920
6101
5053
5174
5292
4979
6486
4565
4720
4811
6047
4904
5892
5112
5419
4767
5781
6493
4656
4767
5314
5879
6313
5032
6312
4758
6384
4588
5470
5314
5501
5746
5462
6257
6119
6304
6081
6141
6077
5775
4533
5627
5177
4880
4910
4559
6281
5284
5943
4595
6002
6032
5523
5199
5675
4934
5492
4939
5162
4505
6167
6471
4998
6240
6482
5525
4913
5428
5668
5877
5001
5468
5247
6126
5443
5948
4716
5558
5531
6150
5060
4759
5395
5489
5151
5722
6447
5534
5155
5040
5266
5152
5746
5395
4608
5379
5112
4540
5624
4589
5479
6390
4884
5240
5658
5160
5528
6074
4827
6385
6476
5699
5033
5333
6463
5005
5841
6180
5857
5642
5280
5730
4963
6318
6107
6097
5814
5429
5315
6083
4807
5271
4816
5628
5835
5216
5905
6109
5812
4675
5973
5669
5415
5110
6257
4584
5408
5545
4887
4713
5084
4567
6440
5564
5018
5631
6534
5597
5526
6308
5168
6422
4874
5999
4714
5188
5163
4798
6368
6337
4532
5894
5800
4564
5114
5563
6426
4813
6212
6408
5868
4870
4622
4801
4534
5932
5890
5934
4503
5028
4922
6138
6186
6208
5790
4881
6017
6185
4622
5791
6453
7399
5043
4684
5439
6636
5935
6350
6461
5808
4663
5391
4941
5718
5137
6293
6055
4524
4551
6359
5443
6400
6776
5764
6062
4975
4798
5512
5314
6383
4848
5120
5562
4628
6366
6292
4886
5937
5411
5435
6249
5341
6084
4561
5540
5653
6371
5277
5671
4697
5302
5863
5100
5087
6050
4543
4872
5533
5879
4528
6247
5643
6095
5675
5963
4860
5184
4680
5609
6069
5363
5862
6328
5599
5303
4843
5919
5968
5662
6454
4561
6063
5610
4570
5344
6189
4733
4549
4804
5735
5476
5110
6398
5919
5558
5949
5141
6499
4885
5988
6436
6062
4745
5299
4791
5828
6444
5512
6025
4946
4511
4669
5091
5914
6432
5227
4922
6148
6301
5140
5469
5672
5601
6134
5074
6049
5009
4963
5092
5781
6410
5061
4788
5096
5698
4742
6145
5382
5425
5781
4749
6183
4530
4876
6102
5397
6371
5655
5878
4850
6302
6151
5920
4590
5323
5739
5023
4509
6315
4567
4756
5949
4858
4998
6244
5853
5434
6467
6084
5346
6383
6254
5354
5899
6131
5025
5609
5245
4912
4825
6352
6130
4572
5449
5192
5107
4813
5970
5521
5885
5674
4695
6096
5352
5186
4612
5103
4747
4972
4550
6457
6083
6244
5694
5593
5195
4846
4870
5878
5774
4897
4878
5685
5713
5091
5608
5426
5876
4836
4758
4564
6159
6432
5981
5909
4562
5421
5835
5411
5341
6198
5819
5919
6423
6027
5665
5095
4706
4975
4649
6026
4788
5621
4657
5887
5209
5950
6446
5754
4605
5259
4516
6197
6046
6402
6391
5983
5526
6168
5158
5659
5183
4691
5599
4656
5944
4993
5316
5201
5484
5442
4500
4768
5883
5269
5407
5084
5784
6315
5993
5356
5385
6190
5015
5534
4615
4581
5567
6041
5522
5134
5025
4676
5246
6062
4716
5609
5603
5665
5315
4753
4534
6402
6229
5269
5934
6336
6115
5671
4697
5604
5204
5043
4870
6378
6396
5277
5092
5875
5315
5168
5600
5019
6425
5896
5717
5717
4543
6373
5588
4968
5593
5301
6091
4525
5927
6037
5114
5567
5722
5724
5161
4855
6267
5899
6046
5514
5886
5437
6467
5849
5438
6351
5837
5724
5674
5397
5104
4930
5524
5473
5382
4721
4818
4840
5431
5373
5877
5435
5499
6400
5087
4903
5667
4766
5849
5026
4734
5339
6170
5514
4816
6051
5835
4932
4725
6492
6287
6214
6395
4834
6088
5897
5303
4600
5084
6486
5974
5296
5085
6484
6204
5118
5711
4900
5331
5222
6284
4706
5106
5128
4764
4816
4773
4764
7312
4760
6067
5799
5509
5462
5715
6130
4709
5128
5889
5162
4576
5932
5957
4640
5674
6220
4763
5254
4918
4848
6005
5739
5567
5848
5797
5261
5983
5932
5552
5122
5104
4954
4965
4586
5687
4692
5907
6460
5400
5147
5585
5330
4860
6068
4639
4714
5559
5214
6082
5011
6495
5269
5222
6201
5662
5199
6228
6119
4975
4584
5580
6400
6302
4964
6245
5232
5026
6105
5799
4701
6126
5390
4994
4652
6140
5212
5264
5610
4994
6375
5182
4578
6390
4881
5329
5708
6437
5668
5276
5537
4585
5826
5685
4785
4704
5411
4800
5990
5409
5298
4748
5024
5105
4860
6002
5205
6147
5439
5429
5996
5494
5075
5627
5518
6216
5343
6274
5232
6016
5699
5206
5464
5449
5189
6072
4867
4961
5698
6017
5991
5601
5516
6269
6467
4639
5202
5115
4729
5238
5817
6089
5308
6175
5965
4788
6291
4513
4859
6342
5569
6427
5175
5633
6119
4810
4877
6080
5184
5101
5519
6246
6064
5293
4545
5542
5921
5410
5388
5210
4818
6169
6454
5976
6262
5177
4898
5287
5374
4524
5729
4663
5339
5058
5677
4583
5594
4808
4582
5977
6133
4592
5843
6281
4940
6162
7303
6355
4502
5240
5957
6203
6479
5966
6146
6062
5766
5904
6350
6430
5578
5621
4750
4739
6265
5185
5601
5846
5718
5713
6269
4704
5598
5702
4509
5479
5511
5307
4705
4977
5005
6331
6114
4937
6489
6132
6025
5320
5799
5536
5004
6070
4787
5242
6156
6198
5929
5604
5294
5544
5119
5806
5340
5536
6103
6123
5751
5372
6014
4533
6227
5707
5667
4841
5543
5426
4894
4933
4680
5585
4807
5525
5673
6459
6006
4692
5177
6042
5797
5559
6465
5801
5623
4573
6145
5701
5804
4651
5406
5539
5484
6348
5698
4765
4661
6236
6023
6176
5434
5197
6218
5829
5888
5547
6081
4984
4543
5138
6480
6013
4842
6198
6070
6359
5028
5242
5974
5675
6313
6242
6173
4762
6382
5227
4776
6100
5021
5922
4951
5520
6375
4681
5579
4608
5615
5550
5503
5386
5080
5325
5821
5563
5028
5085
4712
4556
4962
5920
5977
4671
5754
5308
5361
5131
5135
4894
6131
6347
4888
6358
5939
5102
6308
4933
6071
4847
6241
7202
5104
4557
6128
4548
5884
4702
5792
5593
6116
5397
5596
6092
5878
4859
4779
6797
4822
5315
5499
7498
5486
5598
6714
5795
5094
6405
4906
5900
4506
5981
4992
5083
5663
5341
4592
6176
6138
5876
5223
5108
5574
6446
6158
5354
5719
6382
4759
4809
6071
6446
6191
5523
6068
5673
4839
6455
6381
4626
5607
5162
4576
5143
4649
5741
5690
5046
6310
5136
4769
5832
6120
5899
5817
7099
5349
6324
5641
6145
4812
6404
5361
6327
5094
4892
5284
5849
4627
5373
4532
6065
6439
6077
5462
6055
6152
5916
6346
6307
5182
6414
4639
4502
4974
4554
5994
4575
5612
6281
5641
6466
5828
4834
5232
5435
5981
6090
6487
4793
5730
5745
5814
4846
5684
5486
4566
4971
4953
4852
5006
5777
5202
4694
5071
5195
5125
4542
6292
4512
6496
5667
4994
5740
5452
5024
6255
5254
6399
4952
4634
5661
5151
6015
5168
4933
5837
4587
6190
5614
5751
6370
5952
5756
4977
5381
6141
5314
6265
4881
5556
6400
5275
6382
6551
5307
4545
5528
5723
4868
4536
4771
5274
4698
4552
6146
6085
4881
4731
5120
4921
6109
4512
5024
6429
5648
4660
5910
5029
6151
5989
5936
5254
5739
5372
5303
5295
6348
6461
6039
5824
5409
6309
5238
4817
4530
5239
6120
5211
6239
6436
6120
6371
6194
4863
4619
4896
6360
6329
5526
5107
5686
5574
4968
6086
6335
4973
6170
4571
5322
5821
4553
5001
4776
4849
6126
5213
4843
6106
4796
4852
6331
5564
4832
6281
5739
4943
5567
6039
4530
5004
6161
4628
6460
5929
5267
4591
5654
5450
6354
4832
4849
5869
4715
5619
5382
5385
5382
6137
5745
6363
6042
5284
6337
5222
5236
6261
5300
4877
6009
6219
5096
4872
5186
5074
6324
6120
5295
5102
5629
4687
5163
5115
5261
5897
5543
6402
5575
4632
6203
4994
4526
6295
5598
6136
5405
6374
5198
6373
4551
5878
4851
6155
5943
6169
6102
4891
4746
5600
5990
4750
5520
6201
4802
4902
5115
6444
5450
5417
4567
4650
5112
4674
5920
4794
4612
4860
5818
6153
5725
5763
5842
4900
5499
5217
5834
5131
5448
6282
4699
4781
4902
6301
6331
5764
4739
5551
5318
5028
5457
5357
4802
6268
4778
4534
5763
5632
4968
6284
6437
5802
5531
6661
5264
6468
5739
4954
6287
5436
5172
6443
6450
5771
5785
4500
4825
6930
4857
6337
4570
4828
6358
5602
5587
6249
5836
5131
5153
6037
6230
5603
4954
4517
6236
5486
5422
5938
4912
4817
6272
5765
5704
5162
5291
5110
4909
4722
4744
4666
6129
5064
6308
4959
6023
5523
4999
5342
6395
5116
5896
4949
6379
5693
5253
5511
5253
5795
5847
5562
6055
5475
5098
5108
6125
4740
5522
4906
4589
5841
6434
5869
5590
5297
5775
5114
4990
4685
6458
4534
4899
5653
4915
4876
4513
6328
5753
5787
5514
4694
5463
6360
4506
4796
5992
5348
5282
6147
5556
5842
6132
5166
6276
6409
6389
4966
4599
6378
5977
4524
6279
4654
5023
6178
5710
4837
6053
5598
4507
5326
4542
4964
4810
6200
4903
5767
5048
5122
4704
5045
5852
6012
4960
5476
5353
5538
5529
5029
5272
5113
4850
5979
4844
5248
5932
4847
5382
6446
6499
6412
5871
7091
5549
6186
6204
5909
5689
6033
5924
6377
5638
5685
5046
6083
5780
4832
5903
6090
4575
4552
4767
4916
5863
5255
5091
5035
4917
4921
4806
5537
6095
4621
5225
5039
6340
6051
6010
4557
4843
4774
4617
5493
6238
4783
5487
5994
4996
5662
5840
6200
5234
4781
4887
5159
5891
5531
4985
5272
5286
6426
5914
5292
4942
5982
6436
5653
4591
5371
4959
6394
5707
5442
5875
4643
6404
5519
5441
6230
5763
5209
5657
6493
5183
4943
5756
5838
6449
6452
4602
5542
6156
5280
6238
6441
6418
6027
5966
6425
4825
6398
5064
5561
5444
4896
5086
5103
5605
5505
4826
6027
4631
4911
4805
6159
6194
5147
4747
5253
4847
6270
4833
5502
5619
5462
4799
6021
5520
4559
4545
6328
5823
5784
5039
4583
5713
4748
4869
4707
6460
5586
5254
6398
5995
5945
4562
6498
5910
5243
5599
6455
6168
5765
5884
5982
5334
5464
4664
5564
4933
5512
5130
5117
5484
4726
4674
6014
6336
4756
4678
5373
4598
4604
4784
5497
5211
5846
6154
4745
5335
6445
4516
5586
5912
6468
6453
5713
6386
6146
5205
4538
5067
6255
5204
5924
6253
5523
6189
5899
6460
4658
4507
5337
4751
5709
4979
5160
5635
6096
5242
5808
6210
6723
5158
6400
5242
5256
6233
5396
4562
5697
6211
6171
5008
6275
6413
5850
5517
4842
6170
6434
6481
5586
5616
4530
5714
6160
5038
5433
5375
4787
4846
4964
6451
5779
6130
4559
5244
6060
6035
6450
4659
5519
4861
5819
4958
6350
5951
5971
5161
5289
5927
5255
4891
4754
6067
4676
4827
6081
6330
5799
5915
6045
6386
5184
4533
6160
5379
6105
4953
5597
4881
6056
5040
5818
6503
5125
5890
5932
5527
4514
5740
5675
6415
5710
5157
6172
5150
5340
6392
5180
4725
5278
4803
5192
5521
4832
6180
5118
4613
4540
4877
5639
5773
6289
5446
5405
6181
4727
5401
7315
6081
6395
6163
5005
6158
5274
5069
5836
6398
4693
5010
5134
5914
4521
5155
5760
6232
6049
5406
6026
6037
5602
5700
4694
4676
6361
4833
5316
4892
5692
6230
5765
5833
4514
5049
6457
6113
4601
5406
5407
5487
5068
6279
4865
5925
5606
6279
5651
5683
6094
4556
6062
6285
5592
5882
5893
4642
5789
5980
6075
5663
5503
5116
5862
5034
5876
5835
4733
5043
5541
4836
6001
4957
5932
4643
5379
4883
5935
5467
4539
5102
5844
5196
5112
6331
5290
4683
5809
5378
4776
5667
5102
5418
5597
5377
6156
6289
5357
4613
6339
5840
5676
5083
4718
4643
5521
5297
4783
6415
5249
4907
4564
4853
5374
5866
5395
4699
5524
6323
6421
4914
5175
5267
6250
7186
6163
5335
5904
4746
6056
5010
4761
4837
6056
4671
5745
5407
5080
5966
6273
6197
6392
4595
5196
6467
5513
6321
5899
6055
5745
5790
4958
5516
6197
5480
5017
5866
6123
6492
6017
4801
5537
6158
6346
4988
5398
6236
6087
4795
4940
6373
5605
5090
4609
5647
4557
5925
6127
6430
6140
5133
4735
5432
5704
5005
4926
5501
5529
5398
6162
6123
5609
5617
6356
5110
4947
6180
5603
5118
5628
4836
5194
5123
5176
4688
4934
6092
4579
4951
5679
6477
4594
5657
5721
4861
4510
5857
6063
4798
6021
5194
6340
6208
4997
6104
5886
6230
6462
5158
5721
4930
6411
5061
5277
5443
6052
5485
4947
5764
5675
5445
6211
6120
5881
5893
5034
5737
6093
6163
5875
4728
5737
5731
5564
6086
5889
5632
4667
5033
5784
6351
6437
4530
5553
5884
5905
5042
5687
5909
4566
5684
5937
5226
4551
5486
5086
5695
5775
6344
6161
6032
5143
6055
5985
6476
4968
5259
6488
5285
5350
6060
5166
5388
5458
5147
5593
5331
6387
4956
4508
5026
5418
6185
5745
5139
5063
5129
6236
6034
5717
4583
5253
6196
4678
5846
5418
5553
4883
6282
5799
5557
4635
4954
5467
5961
5422
5609
5200
4839
4654
5972
4783
5666
5275
5629
5606
5244
5088
5541
5103
6266
5806
6032
5302
5243
5580
5442
5358
5039
6440
4735
4602
6034
5799
6000
4939
5616
5652
5144
5778
5811
5951
5694
5196
5072
5348
4717
6221
5073
5101
4959
6163
5540
5615
5856
6032
4577
5734
5094
4651
6176
6181
6342
5980
6482
5637
5385
5130
6207
6191
4629
5483
6181
6129
5535
4975
6345
4530
6198
5201
6494
5563
4579
5988
4987
5500
4948
5470
6001
5151
5215
5020
5395
5988
5179
6058
4503
5985
4514
5380
6081
5821
6122
5974
6439
4544
5403
5509
5991
6386
4642
4832
4654
6373
5612
5502
4763
4889
5446
5021
4808
6372
5816
5133
5777
4627
5258
4639
6245
6488
4806
5494
4690
6216
6260
4800
5910
6025
6093
5976
4616
4718
4911
6484
5518
5720
4806
6094
6000
5986
5907
5001
5362
5136
5502
5290
6152
6476
7255
5928
6266
5589
4786
6186
5423
4798
4752
4996
6254
5271
4897
4710
6440
5555
6103
5961
5258
5183
4510
7463
4535
5603
5848
5901
4539
5167
6188
6111
5522
4828
5446
5873
5152
4885
5249
6174
5667
4793
5208
5727
5563
4903
6325
4682
5937
5581
5848
5020
5646
5750
5792
5324
5435
6167
5231
5894
4846
6398
4543
5145
6414
6015
5787
4758
7068
5235
6240
5037
6042
5510
5434
5437
5928
5716
5810
5552
6497
5928
6412
4649
5765
4810
4807
4739
6488
6396
6037
5936
5513
6488
6451
5587
5669
5505
6426
5714
4818
6347
5051
5907
5216
6177
4512
5450
4658
5882
6006
4660
5491
4768
5057
5579
5036
5222
5520
6352
6123
4844
6423
5942
5142
5082
6083
5752
5869
4734
7191
6482
4662
5066
4621
5452
4834
5286
5944
4673
4965
5046
4765
5635
5476
4561
6434
5264
5007
5015
5782
5661
6471
4533
4959
5029
5858
5231
6459
5478
5625
6001
6342
4737
5467
5132
6258
6277
5083
6449
4764
5806
6301
5972
5586
4663
6046
6103
4634
4673
4826
6104
5302
6039
6400
5633
5115
5769
4552
5924
4616
4568
6013
5992
5339
4668
5262
5291
5335
5912
4727
6109
5402
5599
5461
5550
4818
4958
5583
4637
4711
4973
5833
6341
6027
6299
4858
4749
6222
6157
5862
5059
5446
6059
5054
4541
5355
6175
4955
4997
6024
5875
6019
5528
5180
5662
4747
5826
5321
4883
4835
6305
5716
6014
5703
4939
6066
4836
4538
5445
4571
5246
4822
4715
6016
4697
5879
6494
5632
6261
4974
4934
5120
5425
5482
4509
5968
6280
5129
4860
5937
6162
5204
4525
4508
5889
5729
6277
6374
5438
4795
6421
4760
5895
5733
4853
5395
6128
4580
4805
5575
5051
5779
6297
5963
5742
4984
5159
4641
5832
5532
5719
6025
5047
4880
5438
5677
5585
5283
5216
5684
5669
4777
5641
6456
5541
6111
5439
6362
5051
5505
5680
5164
5997
6421
5498
5095
4582
4809
4931
6170
6155
5823
6255
6379
5086
5794
5504
5282
5067
4953
5255
5144
6453
4625
6349
6358
5620
6495
5125
4625
4677
6011
6361
5452
6471
4737
5270
4541
5461
5834
5806
5641
5517
4512
6065
5443
5444
5350
6456
5655
5979
5807
6310
5789
6106
5230
5741
5104
4768
5347
5266
5926
4701
5661
5901
6385
5732
4643
4600
5307
5896
5350
5458
4777
5401
5801
4824
5694
6003
5225
6296
6488
5772
4736
6170
5951
5105
5308
5636
4785
5972
5445
4642
4994
5948
5108
6472
5768
5632
5415
4605
5197
4777
5289
5756
5510
6460
5815
5216
6472
5193
4822
6117
4865
5643
4985
4623
5979
5893
5031
4992
5877
4909
5378
4562
5588
5807
5546
6342
7494
4569
4552
6400
4671
4678
6207
4648
5707
5074
6070
4886
5524
6241
6265
5906
5230
5060
6294
4559
4541
5649
5676
6411
4839
4822
4645
5373
5653
6211
5853
6002
4909
5241
5203
5853
5555
6346
4741
5138
6182
4854
5761
5222
5350
6151
5343
5117
5355
5986
4578
5512
5408
5875
4534
4611
6309
5532
5388
4656
4644
6386
5816
4778
6163
5068
6004
5169
4976
5313
4806
5189
5618
5701
5766
5978
5779
4647
5043
4689
6244
5810
6395
4758
4656
5751
6081
5474
5370
5211
4673
7230
5779
5354
5880
5993
5978
5584
5831
5575
6488
6103
5103
5663
5483
4971
6287
5681
6415
6302
4577
6073
5093
5504
5067
4500
5163
6311
6169
6469
5122
4655
5281
6027
4694
4822
6279
5562
4816
6255
5432
6140
5951
6201
5658
6107
6397
6435
5033
6452
6373
5686
6701
5363
5018
4839
5007
6382
5050
5824
4715
4840
5385
4547
5288
4540
4802
5490
4563
5147
4944
6341
6450
5226
6034
5025
6437
6356
5540
5002
6335
6033
5058
6189
5340
5529
5599
5652
6051
4673
4731
5023
5522
5271
4715
4867
5681
6244
6330
5867
6040
6262
5173
4592
5442
4544
6156
4557
6284
4696
4924
5227
5631
5636
6465
5022
5040
4600
6304
6051
5986
6424
5530
5663
4843
5326
5300
5069
5594
4671
6315
5659
5792
5880
5581
5322
4932
4776
5290
5672
4985
6177
5889
6404
5811
6055
5711
5781
5328
5469
5209
4911
5098
6415
6210
6236
5072
6009
4944
4731
5325
5978
5793
4512
5961
6173
4707
5167
4516
5102
4568
5182
4506
6204
5631
4510
5528
4904
4663
5902
5349
5170
6358
5781
5493
4611
5200
5714
6239
6451
5579
4762
4999
4865
4775
5316
4718
5985
5090
6092
6189
5119
4913
5179
5914
6277
4898
4616
5850
5747
5334
5078
5773
6148
4772
6129
4912
6399
5184
5853
5683
5610
6033
5781
6291
5471
4538
4869
5099
4672
5064
5549
4541
5126
5538
5788
5605
4536
4902
5788
6389
5427
4615
6455
5219
5694
5037
6126
5558
5216
5276
5530
5305
5608
5102
5753
5087
6496
4933
5919
5405
6150
4864
5710
5054
5519
4886
6219
4632
4689
4567
5991
5188
5172
4759
4799
5939
5374
5902
6297
6117
5025
4867
6467
4876
5979
5343
6746
5685
4720
6068
6332
6287
5071
4886
6442
5685
5127
4665
5590
6030
5516
6050
4901
6452
4947
4514
4601
6090
6271
4803
5645
5735
5999
6447
6814
5272
6141
4926
4699
6162
6028
5364
6121
6165
6150
6037
5006
5605
5553
4681
6280
4547
5221
6369
5521
4961
5468
6467
4577
5011
5869
4745
4888
6249
4645
6460
4814
5545
5355
5992
5617
5170
6368
4977
5699
4980
4681
5515
6310
5348
5506
4527
6461
4723
6360
4833
6440
5975
4761
6214
4931
5114
6811
5002
5684
5079
6191
6327
4807
4844
5985
5881
4656
6241
5751
5782
5652
5919
5842
6971
4605
5636
6317
5961
5633
5611
6208
5518
5349
6305
5448
6104
5355
4763
4831
5700
5453
4956
4826
6412
5549
6299
5995
4862
4803
5882
4765
5600
5738
4778
4847
5993
6320
4914
6038
4723
5696
5718
5467
5781
4725
4749
4677
5381
5686
4707
4779
5041
4896
5974
4561
4534
5693
5285
4869
5921
4695
5770
4607
5979
5280
5409
6234
6329
5978
6154
5898
5977
4550
5664
5939
5696
6084
5221
4906
5384
5758
5981
6308
5119
4969
5519
5697
5649
4993
5763
5595
6335
6024
5197
6440
6289
6083
5745
6240
4831
6088
4823
5572
5077
4640
5286
6069
6364
5918
5013
5462
4669
5809
5589
5654
6136
5636
4644
5925
5018
5975
5827
4537
6021
5489
5503
4756
5665
6157
5797
5245
4791
5286
4966
6465
5974
4505
6339
6286
4790
5966
4699
4930
4721
4778
5192
6237
5802
6428
5984
4793
5725
6026
7032
6203
6477
5583
4763
4528
6485
4555
6105
5661
4941
5392
6259
6156
4566
6333
6651
6200
5144
4704
6449
6332
4640
5509
5921
4901
6079
5358
6449
5978
5613
4950
5990
5420
6165
5918
5631
4823
4649
5370
5641
6012
5901
5665
5770
6210
6177
5688
5986
5840
5792
6466
6469
6432
5717
6206
5964
4858
4869
6005
5697
6227
5407
6247
6098
6410
6359
5145
5797
5526
5162
4949
5330
5158
4531
4790
5991
5501
6340
5958
5725
5458
5288
5534
5025
4521
6285
5730
5109
4552
5398
5182
4925
5745
6246
4905
4703
4687
6369
4717
4890
5096
4740
6408
4911
5767
4956
4890
5093
4556
6267
4851
5055
5481
4718
4577
5297
4643
5971
5499
6169
4763
6080
4661
5665
5247
5111
5161
6297
4792
5597
5829
5881
5785
5138
6175
5068
6410
5858
4922
4882
5640
4833
4908
5236
5155
4780
5942
4995
5995
5300
5239
6419
6110
5598
5477
5609
5881
5309
6177
5260
4737
6489
5615
5520
5190
5504
4534
6310
6317
4674
6082
6024
4688
4994
5004
5193
5099
5328
5642
5505
5116
5275
6385
5455
6431
4588
5356
4672
5692
4613
6399
4741
5335
5263
5812
4793
4795
5339
5626
5112
6266
6296
4845
5203
6213
6251
5870
5641
4668
6005
4553
5336
6146
6437
6277
4714
5144
5957
5299
5139
6243
5642
4766
5215
5780
4829
6099
5841
6370
5647
5077
5054
6159
4672
6249
6273
5821
5432
6016
5856
6404
4870
6062
5092
6042
4718
4607
5279
5622
5671
4713
6062
4731
5305
6490
6294
6228
5246
5190
5828
5609
5879
4981
5685
5654
5623
5151
4732
4891
6452
5662
4778
5645
4945
5174
6273
4688
5712
5115
6186
6422
5837
5336
5965
6015
5838
6271
5511
5093
5309
6138
5389
4908
5888
5685
4615
4668
5847
4926
4673
5316
6060
5202
4772
4996
5681
6301
5130
4782
4698
4950
5607
5570
5723
5005
4619
6379
5492
4906
5644
4642
4984
6219
5450
5494
4853
5857
5346
5293
6205
4592
5884
4659
6427
4729
5665
6182
4593
5678
4829
4514
5526
4938
5811
6439
4597
4931
5734
5564
5639
5333
6195
5543
5658
6420
6021
5299
5571
5141
6730
5093
5078
5377
5177
5125
6190
5392
5429
6413
5343
5174
4772
6008
4800
5157
6425
5953
4511
6455
5640
6173
6004
4542
6232
6175
5007
5298
5499
4880
5589
6494
5105
5136
4812
5615
5523
4597
4944
4626
4565
5670
5862
4737
6235
5723
5045
6466
5477
5915
5485
6261
5950
5579
6423
5744
5382
5960
5459
5840
4519
4968
5720
4630
5373
6330
5789
5172
6120
4671
5230
4987
5828
6140
5522
4570
5056
6407
4689
5949
5555
5971
5227
4936
5987
5809
5083
5463
5608
4860
5489
6219
6199
5592
5623
5115
5793
4847
4979
5165
5442
6336
4803
4631
5310
5629
6223
5598
5197
6057
5503
6066
5744
4852
4789
5421
6357
4507
5532
5007
5485
6072
4759
5679
5525
5659
5711
5192
5130
6330
5772
5557
4749
5475
5340
5618
4975
4660
6297
6377
6095
5948
5452
4542
6455
5737
4983
5856
4526
5286
4520
6388
4542
5256
6320
4903
5950
6221
6123
5849
6354
5065
6290
6393
5527
5077
5652
6345
6196
4845
5500
4518
4994
6397
6051
5259
5557
4608
6029
5132
6363
4926
5416
5331
6361
5880
5240
4801
5022
5851
4968
5866
6103
5702
4627
4804
5962
4561
4760
4966
5224
4579
5764
4562
5762
5463
5025
4951
6100
5171
6387
5326
5815
6429
5306
6022
7201
6052
6075
5654
5568
5232
6338
6559
5749
5822
5274
4580
4772
4515
4532
4839
6183
6371
5629
6009
5754
5974
5585
4541
4530
5023
5749
5650
5952
5281
4602
4715
5370
4648
5813
4821
6386
6088
5348
5453
5462
6350
5762
5171
5006
5608
4995
4599
4941
6202
5603
5686
5640
6439
5360
5689
4602
4625
4511
4819
4960
4854
5603
6365
6377
6448
6370
6072
5198
6160
4842
6294
6008
4928
4505
4781
5671
5387
6401
5074
5911
5682
4978
5686
5734
5445
5129
4823
6377
5027
6237
6350
4932
5959
4658
6008
4577
6104
6206
5020
6049
5220
6065
6000
5414
4785
4602
4656
5802
5129
4667
5316
5264
5432
5446
6100
4944
5373
5673
5188
4681
5602
5883
4622
5480
5312
6323
5753
4846
5931
4901
4892
4614
5487
6165
6294
5372
6445
4976
5222
5058
4813
5213
6281
4725
5016
6171
5806
6228
4874
5723
6026
6185
4986
5030
6465
5672
5790
5584
5930
6157
4663
5684
5333
5723
6141
6257
5332
5335
6112
6409
4843
6300
5795
5234
4814
6000
4926
6029
6045
6300
5736
5436
4727
5698
4854
4744
4913
6095
4540
5864
4921
4824
6134
5029
4611
6074
5418
5266
5558
4818
6069
5728
5948
6212
5368
5319
4798
6271
4646
4696
6176
5510
5684
5095
6102
5201
5732
4862
5786
6171
5239
5653
5248
5661
5397
6213
4849
4944
5619
5027
6009
6217
5402
5137
4837
5445
5847
4551
6148
5261
5116
5032
4913
6428
4857
4505
4979
5059
5279
4565
6089
5958
6313
6467
5645
5096
5489
6288
5260
5849
5940
5872
5735
5369
6378
6040
6274
6333
4717
4959
4974
4887
4699
5258
4573
6026
4820
7318
5338
5699
6146
5351
5578
5324
5793
6679
5627
5251
5140
5603
5568
5009
4920
6183
5086
6029
6448
5313
6222
5062
5893
5578
4631
5431
7129
6296
5872
5502
5712
5585
5703
6318
5835
4962
6265
6315
6233
4533
6390
5996
5147
5448
4504
6435
4715
4545
5161
4801
6265
5592
4550
5773
5691
4901
4540
5835
5896
5039
5477
5458
5465
6302
4967
5935
4948
5472
6161
6173
4621
5280
6331
6190
6274
6252
5777
5100
4634
6461
4548
6225
5074
5656
6229
5118
5676
6659
5415
5327
6158
6300
4712
4963
5628
5826
5284
6050
6266
5502
5183
6272
4953
5148
5828
5366
4869
4956
5239
4968
5904
5541
6219
5370
4597
6127
4617
4628
6452
5401
4630
6109
6253
5753
4663
5741
6436
5337
6348
5779
4809
5657
4942
5933
4842
6022
5247
5199
5311
5762
5285
5107
5241
5845
6186
5287
6415
5608
5467
7013
5629
5754
6212
5395
6034
6499
6484
4700
4606
5822
5786
5646
4605
5852
6235
5923
6092
5530
4551
4709
5822
5003
4808
5960
5058
4938
5966
5156
5596
5440
5626
5907
4853
6075
5324
5196
4697
6263
5764
5947
6373
4702
6234
4560
6322
6450
4530
6477
6009
4563
6008
5716
5212
4804
4619
5461
6470
4799
4914
4813
6296
5009
5616
5202
5000
4952
5517
4997
5182
5631
5034
5735
5493
5028
5720
4500
5604
6233
6447
4646
5984
5374
4878
6265
5239
5615
4540
5892
6002
6385
4609
6207
5727
5560
5850
5832
5969
4924
4560
5705
5133
5161
5387
4892
6251
4733
5297
4519
4991
4891
4941
6187
5146
5158
4949
4894
6137
4610
5141
5890
4625
6172
6169
6181
5036
5857
5683
6368
5820
6115
4578
4724
6018
5519
5299
4534
5778
5988
5279
5972
5471
5510
5721
6408
6005
6232
5930
6401
4688
4831
5378
6362
5551
6107
5605
5356
5965
6216
5736
4949
5334
5082
5136
5954
4697
6031
7446
6432
5863
4614
4864
5767
5263
5237
6126
6264
5757
5087
6407
5982
5590
5020
4656
6026
6121
4602
6354
5814
5709
5817
4821
6212
6378
4925
5668
4911
5374
4612
4727
4920
4997
4766
5519
5564
4829
5235
5945
6473
4621
5224
6426
5216
4664
5620
5243
4620
5979
5766
5666
6297
5799
5201
5190
4841
5348
5671
4748
5480
4588
5273
5450
5544
4745
5561
5160
5327
4755
6110
7470
6053
4801
5342
5390
6435
5938
4738
5119
5037
5343
7251
6411
5608
4712
6394
5110
5695
5601
5700
4819
6488
6129
4556
4853
6093
4702
4514
6231
4605
5870
6385
5120
5945
5173
4942
5471
5283
5632
6180
5303
4537
5091
6004
6032
6120
6029
7353
5745
5171
4589
4722
5877
5100
5799
5416
6482
6258
7128
5142
6328
5569
5755
6216
6436
5873
4710
6468
6105
5772
6494
5317
5360
6059
6355
6030
5380
4787
5616
7018
6197
5826
6002
4970
4511
5198
5403
6264
6381
6485
5580
6321
6488
5544
4900
5343
4990
5352
4704
5803
5529
5899
5735
5792
6341
6497
5338
6420
4949
5319
5886
5402
6492
6117
5790
5259
6347
5180
6881
5354
4788
5104
5453
5694
4849
6364
6326
5554
5833
6171
5598
5775
5161
5627
4505
6179
5316
4597
5172
5155
6271
5504
4851
4755
6555
5659
6237
6062
6103
6386
4717
5017
6049
5952
6415
6249
6097
5563
6253
5164
5939
4902
4620
4605
6439
6249
5422
5593
4854
6420
6358
4934
6476
5096
4715
6123
5605
4991
6042
6290
4686
5290
4739
5489
5984
5921
6383
5647
6275
5752
4932
7011
5045
4885
5207
6065
4974
5775
5652
5374
4586
4889
5763
5258
6026
5757
6321
4508
6351
5212
5633
5552
5772
5042
5655
5646
5471
6398
4569
5068
5971
5704
5721
5274
6446
6004
5690
6470
6218
6171
4981
5134
6410
6306
5504
5706
6483
5546
5267
5300
5853
6143
6127
4711
6157
5349
5925
6491
5944
6181
5607
5291
5933
5870
5367
5701
5768
4766
5777
5256
5623
6489
6030
5940
6131
5433
4735
5059
5221
5932
5388
6141
5530
5988
4815
5977
4637
6415
5257
4518
4887
6144
4519
5113
4702
5598
6297
5368
5511
4992
4537
5573
5489
4563
4636
5502
5808
4843
4975
5265
6171
4541
4503
6117
4899
5766
5950
5882
5944
4637
4606
5210
4650
5868
5269
5457
6432
5492
5309
6432
6417
4806
5229
5398
4901
5319
5657
6023
5710
6116
5866
6302
6209
5835
5890
5030
5748
6419
4759
4511
6171
5178
6098
5491
5834
5076
4876
4543
4513
4765
4717
5527
5992
6124
5402
4553
5518
5152
5554
6299
5209
6127
6108
5193
5716
4578
4711
5646
4984
5973
6406
5003
6417
5826
5391
6077
5670
5734
5592
4865
4892
4788
5558
5162
5984
5150
5963
6362
4695
6458
6034
4710
6053
4730
6257
4956
5342
6412
5011
5544
5388
6217
5944
4507
5686
4914
4915
5124
6008
5900
6278
4624
5901
5877
6437
4645
6142
5479
5277
4724
5518
5890
5527
4580
5285
4687
5094
4899
5901
4647
5538
5951
5515
6362
4984
6867
6486
5572
5064
6372
4541
5299
4545
4635
6272
4684
5940
6004
5030
5044
5051
4676
5102
6403
5836
5137
4765
5115
6103
5323
5643
6254
5776
5121
4675
5638
4883
6294
5085
5111
4507
5401
4817
4647
5750
5563
6466
5174
6000
6019
4780
6481
5729
4710
4756
5497
6397
5306
5059
5193
5391
6016
4534
4558
4937
5513
5406
6039
6404
5001
4583
5316
5640
4512
4655
5284
7288
6399
4781
5150
6357
4911
5955
4874
4972
6452
4986
5841
4533
5337
6385
4903
5610
5421
4746
4545
5385
6339
6456
5306
4503
6239
5121
5176
4779
4531
5716
4565
5963
5265
5135
4960
5134
4658
6296
5978
5511
4829
5086
6325
6257
5867
5940
5791
5908
5695
5665
5925
5964
5802
4894
5947
6041
5652
6309
4992
4928
6191
4875
5431
5252
4749
4675
4681
4761
4681
4519
5582
5982
6395
5323
5027
5422
4924
4519
4542
4938
6209
5848
5045
5646
6348
5196
6006
6037
5318
4913
4552
5635
5136
5346
5750
4822
4640
5653
5492
6001
7337
5755
4882
4670
6154
6172
6135
5766
6008
5383
5744
5304
4592
5116
6318
6250
5828
5822
5062
4856
6110
4528
6122
5647
5442
6306
6414
5470
5766
5841
5757
4737
5588
5697
5938
6211
5847
6287
5723
6262
6124
5200
6401
6009
6087
5127
5451
5374
5934
5231
5032
5693
5819
5438
6196
5730
5474
5578
5802
4903
5594
5795
5889
6407
6383
4676
5722
5223
5422
5616
5373
4762
5474
6045
5644
5289
6227
5287
5480
6036
6294
4812
4552
4881
6102
5191
4881
5334
4602
4916
5239
4589
5992
5480
5210
6349
4911
5858
5429
5368
4922
5609
4520
5534
5223
5371
5486
5204
5823
5463
6369
5001
6312
5233
4754
6014
6030
6576
4989
5545
5207
5181
5042
4509
4749
6626
5014
6288
5966
5252
5568
5090
4967
6232
5537
6158
4808
5734
5827
4503
5144
6404
5651
6057
5616
6073
6145
4675
5404
5612
5125
5173
4598
4592
5924
6211
5141
6455
5505
5548
5386
5257
6295
5616
5186
6295
5066
5606
6127
5657
5559
6414
5353
5080
6393
4561
4714
6049
4547
6377
5951
5070
4932
5015
5153
5450
4636
4585
4667
4538
6101
5693
5997
4715
5654
5054
4759
5412
5625
5329
6473
4625
4757
6244
5855
5136
5151
6107
4850
5812
4818
5934
4657
6348
5286
5371
5094
6295
5076
6133
4892
4559
5168
4847
6453
6039
6064
6393
5505
4810
5218
4701
4691
4729
4731
4853
5590
5801
4897
4707
5124
4639
6475
4878
6030
4993
5127
6077
5823
5939
7346
5003
5395
6034
6157
6142
5949
5672
6123
6412
5565
6229
5863
4532
6183
5743
4563
5806
5769
5550
4988
4743
5644
5806
4985
4884
5091
4825
6164
4633
4842
4825
6392
6222
5772
6224
5064
6198
5344
5851
4649
4516
4902
5570
5678
5060
5043
5549
5754
6282
4804
6107
5403
4530
5222
4684
5642
4540
5644
4641
6104
5771
4993
5317
5770
5650
5157
5891
5470
6435
4876
5356
6286
6108
5049
4619
6442
6471
5137
5647
5003
4853
4548
5676
5323
5088
5583
6343
6312
5299
6340
5987
5055
4895
5762
4613
4766
5124
5784
5369
4890
4544
5804
5671
7408
5776
4689
5998
6144
6026
6447
5202
6148
6300
4501
5917
7438
6156
5057
5752
4512
5252
5895
4525
4566
6368
4775
5283
5918
6079
6081
6173
6136
5131
4763
4727
5329
5965
5467
4661
5770
5833
4584
5794
5535
4826
5090
6043
5786
4596
6313
5966
4782
5723
5874
5626
4664
6028
5710
5852
4615
4959
4749
5403
4917
6174
5943
4649
5719
5918
5986
6494
6246
5568
5799
5435
5961
5852
5031
4528
4722
5330
5459
6083
4733
4629
6385
5334
4705
5245
6418
5483
5685
6289
5063
4863
5036
5590
5723
5896
5908
4944
6403
5236
5984
6443
5530
5048
6286
4781
6241
5130
6475
5731
4828
6244
5627
6430
4639
6029
6461
5105
5438
5517
6812
5216
6172
5669
5129
6096
6195
4705
4564
4766
5786
5668
4690
5766
6316
6438
6313
5882
5588
6164
5967
4547
6190
4524
4578
6128
5481
5803
5369
4834
5088
6062
4543
6441
6023
5706
5944
5926
6219
4816
5621
5493
6066
5480
6314
5213
4776
5216
6055
4734
4547
5610
5148
4974
4950
5688
5279
4698
6426
6429
6368
5165
4947
4729
6179
4615
5413
5736
6326
4917
4638
6256
5985
5615
4999
5534
5667
4987
6204
4724
4853
5013
4995
5496
6126
5456
6177
6196
6237
4549
4911
5150
4846
5374
5554
6299
5196
5703
5186
5661
5630
4569
6330
5118
5733
6331
5718
6320
4538
6174
5155
4683
4876
6268
6607
6091
6047
4853
5849
4939
4826
5951
4867
5065
5935
6417
5099
5840
5254
6180
5609
4724
6492
6046
6186
4630
4733
4594
5291
6460
6001
5904
6121
5444
4955
7142
5932
5261
7013
5465
5244
4602
5200
5860
4803
4524
6208
6338
4553
6387
6093
6362
5271
4921
5085
4991
6154
5923
4933
6386
5041
5053
6110
4606
5738
6121
4669
4999
5294
6476
4563
4888
5700
4973
4732
5918
5098
5922
5612
6477
5560
4673
4604
5574
5783
5304
5371
5690
4918
5858
4600
5175
5300
5951
5668
6309
6130
4919
6413
4532
5847
5955
4846
4669
4767
4767
6314
4875
4565
6216
4976
5006
5124
5302
5904
6035
5893
4894
5204
5097
5354
4671
5763
4940
6386
4703
5496
5839
4845
5001
5736
5473
5526
5886
5529
5798
5671
5757
6117
6295
4576
6264
5046
5040
5641
5437
6469
5997
6646
5669
5364
6346
5906
5493
6306
5117
5652
5415
5893
4729
5223
4892
4810
5289
6245
6441
4927
5341
5226
5171
6283
4909
6045
6224
6284
5713
4675
4883
5623
4897
6174
5691
5493
4935
5275
5345
5617
5143
6072
5477
4775
4607
6187
4780
5950
6392
5072
4784
5823
5216
6114
5228
6358
5913
6099
6138
4766
5003
6302
6435
5201
5051
6368
4891
6277
4510
5375
6351
4891
5749
5354
5716
6250
4589
4808
5940
5682
4570
5940
5952
5362
4569
5149
5765
6019
5384
5828
5396
5318
4715
5030
5051
5105
5830
6129
5937
5567
5097
5019
5370
4990
5043
4709
5600
6091
5327
5351
5234
5312
4636
5149
6483
5430
6421
6374
5882
4542
5749
6324
6089
5474
5550
6231
6213
5729
4510
6364
6473
5344
5989
5643
5855
6484
5678
4982
4581
5941
5296
5109
6495
5125
5242
6118
5927
5270
7384
6024
5734
5554
5197
5681
5125
5709
5742
5965
5709
5341
5119
6398
5136
5331
6254
7091
5826
5242
4818
5369
4591
4900
5982
5646
5818
4716
5726
4987
5095
5167
4934
4801
5110
6188
5563
4852
4597
5795
4856
5316
5440
4579
5254
5187
6240
6148
4960
5816
6422
5867
6361
4552
5514
4660
4819
5774
6077
7371
5319
5353
4895
5675
4819
4828
4629
6216
5564
4971
6307
5793
4792
6248
4618
4589
6079
4645
6247
5359
6198
6300
4816
4789
6321
5026
5923
5074
6221
5585
4532
5988
6014
6316
6155
5320
4962
6037
6081
5234
4618
5506
4557
5746
5002
4550
6423
6057
5221
6083
5248
4817
4878
5844
5811
6018
5638
4529
5733
4809
4710
7099
6493
6220
5681
6255
5080
5490
5153
5352
5955
4774
5556
5940
5566
6482
4569
6184
6050
4704
6276
6039
4583
4548
5443
6221
5101
4687
6259
6321
5180
6085
5659
6209
5698
5175
4620
6159
5104
6499
6283
4608
5546
4575
6259
6062
4786
5357
6147
6379
5976
6145
4616
4877
5016
5831
6176
6097
5095
4664
5364
5279
4660
4723
5448
5461
6303
6553
5754
5255
5217
5337
6315
6315
6240
5730
4661
4587
4629
4752
6051
5179
5316
4503
6270
6306
4911
5027
6083
4573
4992
5592
5798
6119
4537
4638
5913
4620
4754
5701
6039
5028
6438
4799
4863
4980
5842
4579
6454
5000
5491
4918
5268
5381
5347
4621
5938
4834
4857
6038
4646
5246
5186
6125
4884
5796
6279
5522
6346
4770
4789
5584
5039
6481
4523
5601
4785
5223
5740
6294
5665
5824
4841
5579
4739
6227
6305
5920
6431
5096
6176
5627
5574
5918
4922
5169
6267
6034
6395
6268
5783
5252
4804
5838
5423
4603
4956
6124
5102
4976
6281
4751
4546
4944
5601
6124
5213
5842
5274
6316
5009
5825
5522
5822
5311
6011
4868
6161
7134
6030
5455
6814
5660
4732
6237
5035
5331
4670
6037
5131
5522
4891
5222
5849
5974
5891
6009
6308
6412
5183
4889
4844
6085
5560
6074
5916
5533
5503
5051
6281
5649
5284
4977
6206
6293
4872
5946
6034
5606
4804
5795
5882
6393
6356
5566
6065
4568
5350
6300
4847
4557
5204
4779
5406
5878
6073
5876
5760
6284
5224
5963
5636
5881
5199
6220
4960
5373
5714
6439
6433
4660
5212
5585
6166
5807
6423
4718
6451
4916
6277
4630
6169
4604
5775
4875
6156
5568
5186
5244
4902
4872
6433
6306
6223
5993
5980
4604
5750
5106
5320
5633
5266
4794
5888
5498
6425
5536
4769
5362
4571
5223
4827
4531
6111
4837
4874
5350
4963
5328
5276
6255
5018
6461
4693
5434
5430
4766
6182
6158
7302
6190
4884
4804
7050
4739
5596
5772
4753
6232
6380
5318
5476
4652
5956
5728
6364
5772
6467
4648
5679
6497
5558
5783
4889
5127
4690
4688
4741
6195
6154
5356
6003
5150
5044
5484
4780
5179
5805
5522
6978
5474
5093
5589
5435
6320
4829
6119
5628
5933
5140
5564
5307
4656
5097
4610
6318
4609
4739
5775
5800
4660
5299
4516
6370
5678
5314
5732
5918
5087
6223
5129
6318
5420
5576
6091
5532
6350
4546
6198
6108
4659
5179
6239
5397
5288
4660
7203
4949
5529
4835
6260
4730
5230
4526
4817
5477
5098
6364
4873
4978
5866
6013
4891
5195
6128
5921
6166
5427
6339
5326
4744
6359
5420
5107
5789
5031
5654
6000
4862
4618
4537
5696
4587
5944
5532
5350
4879
5466
5902
5532
5143
5461
5593
5076
4742
6492
4843
4557
6176
5692
6106
6365
4713
5241
5930
6087
5201
5582
5716
5868
5063
6362
6046
4501
5392
5726
5355
6056
5674
5197
6166
5776
4505
7387
5191
6007
6469
6270
5306
6134
5430
4546
5279
6205
4533
5518
6187
4837
4632
4933
4801
4866
6050
5904
4949
5518
5390
5896
5926
5104
4990
4808
4686
5155
4732
5223
5169
6010
4755
6156
5015
5145
5059
6226
5759
6359
6056
4803
6361
6464
4798
4890
4855
5022
5868
4857
6688
4966
6273
4897
6217
5593
5879
4825
4530
5745
5243
4958
6178
5715
6382
5666
6175
6387
6052
4808
5349
5114
5567
4963
5905
5467
4526
5223
5538
6461
4863
4991
5844
6395
4887
6023
4817
5567
5954
6235
4717
5909
4675
4677
6134
5955
5538
5852
6238
5278
5893
6256
4637
4687
5444
6410
5407
4892
6053
4905
5102
5947
5817
4928
5013
4776
5226
5300
4937
5487
4778
6410
5133
5181
6096
5221
5386
5801
4585
4694
5536
4680
4577
5221
4804
6453
4885
6021
5471
5766
6239
5868
4632
6419
5429
6248
4551
5353
5142
4981
4750
4597
6642
4819
5340
6148
5358
6125
6105
4670
6057
4653
5457
4731
5957
5124
6086
7229
5981
5359
5405
6101
5063
6411
6299
5697
6471
4609
6261
5786
5449
5637
4987
5180
6144
5873
5688
4710
4632
4808
4543
5937
5748
5132
5116
5668
5277
5689
6349
5982
4984
5700
6005
6181
5690
4676
5812
5586
5555
4761
5245
5879
6317
6098
5277
4993
5256
6160
4779
6047
4603
5745
5033
4716
4576
4992
5999
6480
5092
5760
5848
5242
4914
5472
6370
5650
4628
5521
4990
5554
5438
5147
5097
6012
6206
5750
6446
4879
4732
6221
5714
5083
5730
6373
5219
5579
4944
5268
5428
4890
5863
4757
6208
5285
4888
5456
6114
5816
5344
5823
4774
6236
5994
4643
5863
5397
6074
6446
4621
5394
6313
5059
5865
4534
4522
5200
4791
5499
5392
5108
5545
4605
5394
4579
6067
4684
4564
5439
5839
5475
4683
4713
6359
6093
5861
6414
5153
5150
5995
5254
5763
4728
5484
6382
4604
5452
4527
5597
5924
6007
5773
6044
5592
5767
6000
5447
5645
5610
5060
5465
6071
5007
4737
5053
5581
6480
4970
5079
5445
6484
5549
4809
5182
5386
7096
4746
4679
4777
4684
5562
5331
5068
4817
5000
4990
4770
6414
4781
6440
4812
5699
5482
4564
4808
6109
6437
6261
6114
6229
6410
5005
6305
5550
4740
4778
6311
6017
5076
5190
5369
6398
6097
4610
6390
5754
5525
4903
5660
6360
5425
4803
5806
5877
6159
4547
5178
5804
5086
5498
6062
5858
6339
5814
7050
6120
5524
5490
5272
6347
6327
6453
5176
5673
5567
5629
4576
4738
5054
5295
4656
5385
4910
4743
4923
6286
5763
6049
6953
4986
5028
5337
5073
5630
5439
6188
5571
5303
6354
5010
4588
5546
5231
5279
5586
4561
6079
4654
5591
4743
6272
6482
5178
4606
5362
6274
5984
5491
5491
4968
5833
4530
5346
4621
5542
5891
5417
6155
5792
6248
5917
6471
4765
5595
4536
6386
4675
5433
4783
5892
6246
6020
5573
6172
5669
6298
4791
4512
6472
4806
5689
6069
4622
4929
5190
6274
5594
5903
5438
5295
6294
6103
4816
5212
4983
6248
5679
5160
4823
5749
6137
4584
6057
4502
5035
4889
4623
4515
5977
4892
5983
4885
5587
5123
5996
6450
6138
5125
4969
6365
5808
5219
6551
5488
4790
4878
5527
5087
5951
5726
5690
6115
4506
5160
5422
4999
6062
5109
6035
5195
4854
5042
4643
5067
6028
4624
4591
6114
5979
5041
5374
5609
5381
5925
5288
4846
6060
5480
5736
4715
4692
5201
5801
5885
4782
6016
4862
5525
6200
5371
5373
6246
4824
4526
4861
5268
5137
4647
5620
5181
5845
5427
4885
6463
6080
4671
4526
6446
6454
4790
4983
6232
4683
6059
4542
5839
6161
4746
5304
5706
5047
5881
5849
5825
4957
5949
5292
7044
6156
6339
5157
4847
5459
6326
5515
6299
5142
5551
6107
7428
4551
5221
4576
6082
5615
5881
4774
5575
6414
5077
5653
5140
4598
4713
5443
6232
5503
6171
6121
6191
5867
6450
4607
6339
5394
5014
6476
4698
5777
5823
4573
5907
4965
5864
6446
6358
6060
4615
5502
5663
6258
5770
6468
6078
4593
5400
5287
5415
4826
5939
5395
5225
4586
5886
5023
5110
5326
5888
5667
6182
6255
5292
5086
5200
5746
5907
4893
5774
6462
6272
4800
5363
5625
5111
4926
5813
5941
6419
4801
5977
5084
6337
5140
4935
6163
6373
4639
5891
5523
6319
5452
5501
5052
6450
5836
5678
4875
6251
6043
5624
4738
5330
6457
5569
6271
4904
5890
4819
4781
6052
4781
5147
6351
5538
5464
6276
5444
5969
5228
5495
6221
6288
6068
4698
6066
5310
4545
5690
5819
5460
6481
6287
4787
5784
6038
4946
4991
5928
4858
5173
4757
4568
5351
4712
5632
6481
5868
6340
5368
5151
5427
5070
6119
5726
4967
5193
4911
6409
5515
5296
4880
5785
5021
5311
6317
5981
5729
4613
5175
5843
5826
4728
6154
5419
5755
5453
5963
5098
5115
4555
4828
6107
5102
6099
5583