4772
5400
5340
4672
5472
5149
4512
4558
5383
4964
5492
5304
4762
5131
4643
4625
5207
5172
4601
6253
5056
5542
5166
5261
5004
5494
4984
5032
4764
4516
5059
5292
5083
5114
4984
4875
4666
4911
5471
4737
5206
5049
5443
4850
4743
5024
5329
5185
4599
4639
5476
4939
4700
5142
5465
5299
5372
4778
5002
4975
4643
4918
5048
4856
5211
4794
4690
5087
5328
4697
5285
5308
4629
5648
5359
4737
5360
5033
5020
5060
5134
5703
5484
5434
4612
5276
5455
4774
5434
5431
4847
4969
5269
5320
5465
5021
5480
4621
5382
5235
5063
5134
5452
5483
4585
4508
4828
5113
4513
5137
4536
4885
5465
6008
5404
5276
4706
5069
4662
4971
5131
4958
4859
6315
5196
4600
4687
5470
4927
4542
4689
5016
4707
5436
5321
4641
4646
5042
5151
5223
5446
5228
5289
4769
4611
4549
5344
4711
5011
5051
4592
5374
4874
5117
5051
5208
5301
5913
5169
4568
4843
5282
4918
4980
5256
5182
4719
4540
4815
5190
4978
5398
4826
4605
5066
5445
5128
4611
5676
4967
4611
4875
6482
5347
5052
5304
4633
5420
5148
4663
5425
5279
5113
6053
5624
5322
5018
4920
5059
4774
4824
4651
4571
6091
4651
6490
4592
5026
5325
5437
5205
4814
4790
5114
4711
4861
4883
6218
5491
5036
5973
5445
4651
4559
4908
4834
4741
6446
5053
4830
4905
4955
5094
4941
4973
4976
4795
4950
5390
4703
4573
4616
4557
4570
4904
5266
4716
5266
5342
5216
5308
5179
5476
4809
4788
5340
4696
4653
5480
4956
4965
4964
5420
4681
4972
4633
5452
4971
4648
4733
6185
5087
4668
5143
5146
5430
6268
4729
5165
5044
4591
6270
4512
4797
5061
4582
5040
6393
4610
4676
4670
5297
5317
5438
4929
5155
4694
5715
4972
4616
4852
4755
5085
5253
4823
5791
5127
5263
5256
5857
4853
4967
5434
4742
5411
5142
4812
5352
4731
5379
5309
5048
5457
4640
4827
5256
5412
5180
4681
4838
5409
5609
5300
5124
4766
4926
4874
4620
5224
5311
4814
4696
4881
5481
5467
4663
5146
4955
5804
4827
5136
5182
4853
4615
5039
4661
4585
4846
4704
4529
5440
4575
4912
5364
5364
4836
5383
4574
5007
4737
5129
5116
4956
4560
5477
5236
4871
5851
4943
4991
5043
4867
4652
4726
5407
4925
5218
4565
4765
4764
4930
5381
5328
5265
5004
5284
5080
5119
6189
5128
5061
4794
4542
4714
5852
5359
4988
4621
5090
4558
5320
5014
5195
5340
4771
4782
5207
4805
5232
4643
5297
5110
5102
4774
5396
5393
5184
4725
5332
5321
5227
4730
5389
5140
4548
4571
5011
5344
4819
4808
5335
5373
4808
4668
5009
5002
4560
4612
4527
4588
5052
5195
4738
5169
5191
5134
4857
4626
4514
5204
5284
4702
4918
5094
5493
4763
4517
4861
4949
5598
5054
5369
4850
4692
4515
4870
5010
4553
4544
5074
5382
5309
4715
4578
4700
4871
5426
5122
4578
4737
5101
5044
4995
5458
4650
6089
5496
5482
5223
5299
4758
5735
4984
4820
4647
5102
4861
5431
4984
5309
5383
4796
4933
5093
4775
5202
4579
4853
4651
4894
4659
4817
5278
5049
5215
5185
5330
4806
5099
5173
5365
4729
6058
4606
5478
5100
4539
5280
5203
4851
4808
4810
5064
4816
5218
4863
4733
4777
4795
4911
5261
4742
4521
4743
5215
5376
4890
4519
5411
4787
4737
5113
4547
4684
4789
4999
5267
5150
4514
4853
5223
4751
5246
4581
5488
5344
5177
4704
5178
5443
4680
5401
4965
4509
5183
5230
4694
5483
5042
4680
5225
4922
4847
4594
4837
4927
5315
6165
5021
5238
4831
4833
5327
5246
4902
5400
4562
5642
5284
4676
5177
4906
5470
5464
5062
4793
5761
5419
4845
4640
5337
4728
5087
5328
5352
5195
5016
4622
4736
4574
5261
5103
4574
4793
5094
4892
4683
5448
5283
5255
4794
4502
5406
5308
4704
5470
5437
4860
4988
4882
5274
4987
4748
5132
5010
4953
5257
5257
4702
4598
4919
5197
5258
4967
4740
4593
4567
4518
5475
5425
4903
4550
5036
4546
4749
4844
4676
5481
4886
4762
4524
6102
4576
4966
4727
4694
4886
4929
5092
5487
5285
5122
4966
4726
5054
4760
5204
4628
5241
5046
5137
4599
4858
4530
6280
4717
5170
5231
4692
4867
4805
5409
4771
5195
4588
5079
5110
5147
5038
5179
5192
5122
5080
4534
5407
4861
4878
4519
4634
4927
5349
6250
5080
5367
5431
5022
4890
5307
5058
5352
5278
5465
5157
4883
4839
6286
4608
5073
4781
5104
5023
5476
5166
5221
5363
4630
4655
5102
5398
4592
5043
5398
5104
4918
4638
4555
4699
5327
5205
5167
4711
5267
5244
5432
5451
5373
4708
5179
4778
5329
4880
4615
4669
5120
5084
4981
4914
5255
5243
5277
5185
5062
4522
4883
4871
4652
4525
4721
5097
4929
5261
5413
5615
4996
4755
5274
5106
6051
5653
4797
5484
4682
5307
5093
4603
4811
4982
5365
5082
5108
4901
5262
6196
4990
5324
4949
4645
5498
6170
5355
4918
4799
4878
5411
5133
4719
4855
4997
5424
4857
5302
5457
4628
4568
4882
5359
4726
6160
4775
4754
4837
4593
4730
5157
5402
5221
4772
4710
4998
4675
5249
5382
4782
4583
4758
5450
4637
5345
5284
4772
4886
5123
5412
4850
4917
4831
4688
4767
4818
4861
4915
4968
5113
5234
4614
4766
5088
5004
4870
5450
5270
4772
4734
4511
5092
5427
5126
5304
5243
5197
5222
5906
4827
5084
5442
5380
4667
5499
5131
4579
5034
5196
5446
5066
4945
5244
5372
5293
4650
4730
5095
4934
4817
5175
6149
4872
5358
4824
5396
5361
5036
5424
4913
4805
5073
4897
5109
5453
4634
4761
4821
5277
4707
6394
4990
5652
5025
4954
5162
5470
5411
4690
4715
5390
4971
4962
4690
4871
5309
5322
5483
5392
4658
6116
5456
5279
5309
5062
5480
4998
5351
4908
4939
5387
4808
5490
5292
5363
5061
4936
4611
5422
4537
5487
4628
5413
5001
5377
4905
5134
5072
5132
4672
5370
4987
4671
5057
4686
4954
4942
5231
5182
5437
5705
4665
6279
4887
4626
5006
5027
4713
4803
4794
5495
5365
5430
5104
5319
5374
4822
4829
5395
4889
4852